A list is an ordered collection of objects

:sleep 2

    >>> lst = list(range(20))
    >>> lst
    [0, 1, 2, 3, 4, 5, 6, 7, 8, 9, 10, 11, 12, 13, 14, 15, 16, 17, 18, 19]

    >>> lst.append(30)
    >>> lst
    [0, 1, 2, 3, 4, 5, 6, 7, 8, 9, 10, 11, 12, 13, 14, 15, 16, 17, 18, 19, 30]

    >>> lst.extend((40,50,60))
    >>> lst
    [0, 1, 2, 3, 4, 5, 6, 7, 8, 9, 10, 11, 12, 13, 14, 15, 16, 17, 18, 19, 30, 40, 50, 60]

    >>> [1, 1, 1, 5, 6, 20].count(1)
    3

    >>> lst.index(50)
    22

    >>> lst.insert(0, 70); lst
    [70, 0, 1, 2, 3, 4, 5, 6, 7, 8, 9, 10, 11, 12, 13, 14, 15, 16, 17, 18, 19, 30, 40, 50, 60]

    >>> lst.pop()
    60

    >>> lst
    [70, 0, 1, 2, 3, 4, 5, 6, 7, 8, 9, 10, 11, 12, 13, 14, 15, 16, 17, 18, 19, 30, 40, 50]

    >>> lst.pop(0)
    70

    >>> lst
    [0, 1, 2, 3, 4, 5, 6, 7, 8, 9, 10, 11, 12, 13, 14, 15, 16, 17, 18, 19, 30, 40, 50]

    >>> lst.reverse(); lst
    [50, 40, 30, 19, 18, 17, 16, 15, 14, 13, 12, 11, 10, 9, 8, 7, 6, 5, 4, 3, 2, 1, 0]

    >>> lst.sort()
    >>> lst
    [0, 1, 2, 3, 4, 5, 6, 7, 8, 9, 10, 11, 12, 13, 14, 15, 16, 17, 18, 19, 30, 40, 50]

    >>> lst.reverse()
    >>> lst
    [50, 40, 30, 19, 18, 17, 16, 15, 14, 13, 12, 11, 10, 9, 8, 7, 6, 5, 4, 3, 2, 1, 0]

    >>> lst[3]
    19

    >>> lst[3:10]
    [19, 18, 17, 16, 15, 14, 13]

    >>> lst[3:]
    [19, 18, 17, 16, 15, 14, 13, 12, 11, 10, 9, 8, 7, 6, 5, 4, 3, 2, 1, 0]

    >>> lst[3:20:3]
    [19, 16, 13, 10, 7, 4]

    >>> lst[-5:-2]
    [4, 3, 2]

    >>> lst[-2]
    1
